spawn:
  world: world
  x: 95.17165002026988
  y: 272.0
  z: -10.437941860335343
  yaw: -0.30471802
  pitch: 6.355354
firstspawn:
  world: world
  x: 94.6404833515752
  y: 272.0
  z: -7.671303337813761
  yaw: 174.47668
  pitch: 31.135607
